0100000100100000000000000000000000000000000000000000000
0000000100100000000001100000100000010000000000000000000
0000100111011000000000000000010000011011000000000000000
0000100110001000000000000000010000011011000000000000000
0110000101000000000000000000000000000000000000000000000
0000000100100000000001100000100000010000000000001000000
0001100110011000000000000000010000011011000000000000100
0001100101111000000000000000010000011011000000000000100
0000001011001010000000000100000000000000010000000000000
0000000100100000000001100000100000010000000000010000000
0000001010000000001000000000000000000000000011100000001
0000001010000000001000000000000000000000000011100000001
0000000100100000000000010000100010010000000000011000000
0000000100100000000001100000001000010000000000000000000
0000000100100000000001000000010000000101000000000000100
0000000110100000001001001000000001000000000000000000000
0010000100000000000000000000000000000000000000000111000
0010000100010000000000000000000000000000000000000110000
0001111000011000000000011000000000000000000000000000000
0001111000011000000000011000000000000000000000000000000
0000000100100000000001011000000101011000000000000000000
0000000100100000000001011000000101010110000000000000100
0000000100100000000000010000000100000100000000000000100
0000000100000100000000000000100000000000000000011001000
0000000100010100000000000000100000000000000000011000000
0010000110010100000000000000000000000000000000000101000
0000001001001010000000000100000000000000010100000000000
0000000100100000000001100001000000000000000000000001000
0010000111000100000000000000000000000000000000000101000
0010000111010100000000000000000000000000000000000100000
0000000100100000000000010001000010000000000000000001000
0000000100100000000001100001000000000000000000000000000
1000000000000000000010000000000000000000000000000000000
0010001000010100000000000000000000000000000000000101000
0000000110100101010000000010000000000000010100000001000
0000001000000000000100000001000000000000000000000001000
0010001001000000000000000000000000000000000000000111000
0010001001010000000000000000000000000000000000000111000
0000001100010100000000001000000000000000000000000001010
0000000111001000000000000000010000000000000000000000000
0000001000100010000000001000000000100000000000000000000
0000001010000000001000000000000000000000000010000000001
0000000000000000000000000000000000000000000000000000000
0000000100100000000001000100000001000000101000000000000
0010001011000100000000000000000000000000000000000101000
0010001011010100000000000000000000000000000000000101000
0000001100000000000000010001000010000000000000000001000
0000001010110000100000000001000000000000000000000001000
0000001011011010000000000100000000000000010000000000000
0000001001011000000000000100000000000000000000000000000
0000000000000000000000000000000000000000000000000000000
0000000000000000000000000000000000000000000000000000000
0000000000000000000000000000000000000000000000000000000
0000000000000000000000000000000000000000000000000000000
0000000000000000000000000000000000000000000000000000000
0000001010000000001000000000000000000000000011000000001
0000000000000000000000000000000000000000000000000000000
0000001010000000001000000000000000000000000011000000001
0000000000000000000000000000000000000000000000000000000
0000000000000000000000000000000000000000000000000000000
0000000000000000000000000000000000000000000000000000000
0000000000000000000000000000000000000000000000000000000
0000000000000000000000000000000000000000000000000000000
0000001010000000001000000000000000000000000010100000001
