0100000001001000000000000000000000000000000000000000000000000000000000000000
0000000001001000000000011000000000000010000000000010000000000000000000000000
0000000011001100000000000001100100000001000000000010101100000000000000000000
0000000011001100000000000001100100000001000000000010101100000000001100010000
0110000001010000000000000000000000000000000000000000000000000000000000000000
0000000001001000000000011000000000000010000000000010000000000000000001000000
0001000011001100000000000001100100000001000000000010101100000000000100000100
0001000011001100000000000001100100000001000000000010101100000000001000010100
0000000010101000100000000000000000000000000000000100000000000000000000000000
0000000001001000000000011000000000000010000000000010000000000000000010000000
0000000010100000000010000000000000000000000000000000000000001100000000000001
0000000010100000000010000000000000000000000000000000000000001100000000000001
0000000001001000000000000100000000000010000000010010000000000000000011000000
0000000001001000000000011000000000000000000001000010000000000000000000000000
0000000001001000000000010000000000000001000000000000010100000000000000000100
0000000001101000000010010000000000100000000000001000000000000000000000000000
0010000001000000000000000000000000000000000000000000000000000000000000111000
0010000001000100000000000000000000000000000000000000000000000000000000110000
0001000111001100000000000101100100100000000000000000000000000000010000000000
0001000111001100000000000101100100100000000000000000000000000000010000000000
0000000001001000000000010100000000100000000000101010100000000000000000000000
0000000001001000000000010100000000100000000000101010011000000000000000000100
0000000001001000000000000100000000000000000000100000010000000000000000000100
0000000001000001000000000000000000000010000000000000000000000000000011001000
0000000001000101000000000000000000000010000000000000000000000000000011000000
0010000001100101000000000000000000000000000000000000000000000000000000101000
0000000011001100100000000001100100010000000000000000000001010000010100010000
0000000001001000000000011000000000000100000000000000000000000000000000001000
0010000001110001000000000000000000000000000000000000000000000000000000101000
0010000001110101000000000000000000000000000000000000000000000000000000100000
0000000001001000000000000100000000000100000000010000000000000000000000001000
0000000001001000000000011000000000000100000000000000000000000000000000000000
1000000000000000000000100000000000000000000000000000000000000000000000000000
0010000010000101000000000000000000000000000000000000000000000000000000101000
0000000001101000010100000000000010000000000000000000000001010000000000001000
0000000010000000000001000000000000000100000000000000000000000000000000001000
0010000010010000000000000000000000000000000000000000000000000000000000111000
0010000010010100000000010000000000000000000000001001000010000000000000111000
0000000011001100000000000001100100010000000000000000000000000000011000010000
0000000001110010000000000000000000000001000000000000000000000000000000000000
0000000010001000100000000000000000000000000000000100000000000000000000000000
0000000010100000000010000000000000000000000000000000000000001000000000000001
0000000011001100100000000001100100010000000000000000000001000000011100000000
0000000001001000000000010000000000010000000000001000000010100000000000000000
0010000010110001000000000000000000000000000000000000000000000000000000101000
0010000010110101000000000000000000000000000000000000000000000000000000101000
0000000011000000000000000100000000000100000000010000000000000000000000001000
0000000010101100001000000000000000000100000000000000000000000000000000001000
0000000011001100100000000001100100010000000000000000000001000000100000000000
0000000000000000000000000000000000000000000000000000000000000000000000000000
0000000010100000000010000000000000000000000000000000000000001001000000000001
0000000011010010000000000000000000000000001000000000000000000000000000000000
0010000011010001000000000000000000000000000000000000000000000000000000101000
0000000010010001000000000000000001000000000000000000000000000000000000001000
0000110011110000000000000000011000000000000000000000000000000000000000000000
0000000010010101000000000000000000100000000000000000000000000000000000001010
0000000000000000000000000000000000000000000000000000000000000000000000000000
0000000000000000000000000000000000000000000000000000000000000000000000000000
0000000000000000000000000000000000000000000000000000000000000000000000000000
0000000010100000000010000000000000000000000000000000000000001010000000000001
0010000011110000000000000000000000000000000000000000000000000000000000111000
0000000000000000000000000000000000000000000000000000000000000000000000000000
0000001000000010000000000000000000000000000010000000000000000000000000000000
0000000010100000000010000000000000000000000000000000000000001011000000000001
